P0: 721.5377 0.0 609.5593 0.0 0.0 721.5377 172.854 0.0 0.0 0.0 1.0 0.0 
P1: 721.5377 0.0 609.5593 0.0 0.0 721.5377 172.854 0.0 0.0 0.0 1.0 0.0 
P2: 721.5377 0.0 609.5593 0.0 0.0 721.5377 172.854 0.0 0.0 0.0 1.0 0.0 
P3: 721.5377 0.0 609.5593 0.0 0.0 721.5377 172.854 0.0 0.0 0.0 1.0 0.0 
R0_rect: 1.0 0.0 0.0 0.0 1.0 0.0 0.0 0.0 1.0 
Tr_velo_to_cam: 1.0 0.0 0.0 0.0 0.0 1.0 0.0 0.0 0.0 0.0 1.0 0.0 
Tr_imu_to_velo: 0.9999976 0.0007553071 -0.002035826 -0.8086759 -0.0007854027 0.9998898 -0.01482298 0.3195559 0.002024406 0.01482454 0.9998881 -0.7997231 
